（价格）图片大小：宽：67，高：36
像素点1：（139，373）    像素点2：（442，373）     像素点3：（751，373）
像素点4：（139，724）    像素点5：（442，724）     像素点6：（751，724）


（个数）图片大小：宽：30，高：36
像素点1：（329，373）    像素点2：（630，373）     像素点3：（934，373）
像素点4：（329，724）    像素点5：（630，724）     像素点6：（934，724）


第二张图只有2个菜品（s101.bmp)
第十张图只有5个菜品（s16.bmp）
                                                                   
1(-):(294,375),(328,406)        1(+):(357,374),(390,407)     0 6 8  14 20 26 32 38 44 50 
2(-):(596,375),(627,406)        2(+):(662,374),(696,407)     1 7 9  15 21 27 33 39 45 51
3(-):(896,375),(930,406)        3(+):(966,374),(1000,407)    2   10 16 22 28 34 40 46 52
4(-):(294,722),(328,755)        4(+):(357,722),(390,755)     3   11 17 23 29 35 41 47 53
5(-):(596,722),(627,755)        5(+):(662,722),(696,755)     4   12 18 24 30 36 42 48 54
6(-):(896,722),(930,755)        6(+):(966,722),(1000,755)    5   13 19 25 31 37 43 49